3895
2097
4212
5329
3825
4196
179
401
385
3891
582
3742
923
822
2846
386
2275
266
884
4769
2745
3170
692
18
4526
4871
5240
2951
4851
19
509
812
511
2731
2733
2735
2737
2994
2741
650
370
471
538
472
740
146
3894
2264
593
412
4460
4288
2730
2732
2734
2736
2738
2739
2841
148
2740
4325
5058
5189
5021
5022
5652
4987
5261
5803
5624
5791
2791
4923
2252
3794
3557
3427
2787
3673
3839
3928
3795
3417
2447
2683
2444
2575
2446
4261
4077
4392
4606
4166
4587
3412
3993
4890
3774
3677
3343
2236
155
4171
3941
66
65
4350
2561
4356
5309
4658
373
3230
3726
317
2963
2968
202
4472
153
4345
3464
2388
2387
675
3386
271
3053
159
4348
587
3362
161
3302
2847
270
3357
2196
3189
2726
3291
4928
4929
2728
2729
2725
2727
5036
4857
4046
4520
3913
4403
172
4324
2838
703
4322
4867
4175
162
2073
168
415
623
2852
3972
5338
3800
4409
5457
5456
4506
3640
3980
4599
5740
4141
4142
76
4488
4208
3922
4689
2478
3058
4511
4019
3661
4137
3284
3361
4502
3874
4310
3714
4276
3426
3712
2943
2482
3231
4016
4812
4017
3191
3916
4061
4154
4553
4009
3428
4264
5059
5095
4015
4104
3537
3884
3533
3035
5709
5587
2915
622
4586
2960
965
3221
2126
966
2959
852
4764
5217
588
5232
197
4768
3248
5348
3862
4349
2562
3823
2564
2084
2034
2005
52
398
2966
365
56
450
3079
3339
3683
4346
3688
60
3278
237
59
4344
192
235
683
595
467
57
469
267
300
3451
2842
2967
2719
2717
2718
3264
4074
3704
3901
2723
2197
2833
2722
2721
914
2720
3665
5520
3695
4584
632
466
5317
4800
5060
4069
4950
3000
2310
4809
2565
314
4304
3582
3104
135
5031
3859
4179
859
880
3460
81
3876
4102
5393
3085
78
694
2168
449
723
900
231
897
233
5408
4164
4298
4173
5009
5238
5371
4073
831
407
5064
5499
5365
4900
4972
2761
3780
4279
4831
5178
5279
4802
3430
4353
579
940
4333
540
927
997
3283
2091
2085
798
2088
3059
489
417
2944
4394
2806
3781
3234
2619
3068
877
4167
5414
987
4271
2299
5529
437
688
99
3632
724
689
184
640
277
2472
185
186
2047
2896
5200
5395
3554
5695
4487
166
164
834
875
3751
4776
5584
982
4552
4239
525
344
592
3014
901
305
2685
4714
306
5470
5501
5544
5469
390
5619
4380
3924
4445
2778
4976
4269
5498
5397
3204
4741
5179
4885
3121
5565
5528
5461
2429
4588
4981
4913
4343
705
3217
484
2046
2045
2119
1008
520
4242
2785
3811
2567
2788
3422
590
5066
5477
4892
5343
5218
4372
3227
4011
4132
4292
4012
5074
5483
2923
3155
5418
5419
4918
5552
3685
4917
2566
4013
2504
2606
2600
2605
3526
3514
2604
3091
2505
4181
4319
5433
5436
5443
5444
5437
4182
5143
3783
4698
4376
3893
5219
5439
4517
4660
5281
5367
4886
5739
5002
4919
4978
4979
4480
2954
4499
5420
2462
3101
4889
5202
2122
2090
4341
2120
535
2001
2304
2200
491
2459
536
2653
493
624
6
552
492
5326
5328
5327
5177
5181
3506
3507
5782
5783
3504
3505
4533
3508
5092
5438
4610
3963
2952
3309
3324
898
2078
2314
4944
5069
5015
4943
4938
545
5764
5744
5583
145
4045
614
5190
3457
528
4904
2922
333
4232
5239
4274
4746
4993
4745
5445
826
144
3197
3103
149
207
874
4204
4674
633
5094
871
5040
3964
496
5062
442
5394
4744
5061
5246
905
15
16
360
557
368
4330
780
372
4355
3416
631
82
3999
5029
86
700
430
224
210
539
669
574
2198
602
576
575
4238
3716
3166
4740
4858
2839
4278
4486
4560
5429
2901
4953
560
2510
4888
5312
5368
4801
561
3279
2512
951
562
4915
4755
3984
3637
3829
3925
4023
5384
4799
5497
5257
4759
5070
4468
3086
3830
3828
2556
3786
4383
4097
3341
4421
5103
5446
5696
3463
3493
3119
1006
3461
790
5441
2990
3792
4808
4805
3789
4614
3970
4767
4921
3301
3128
2540
4418
554
2742
3414
4423
3785
5001
5778
3698
3699
3036
3502
2865
5581
5582
5034
5067
4461
2452
2497
4299
3697
2498
2500
2501
2499
2490
2491
2494
2495
2744
606
2769
4901
4086
4632
5308
3634
2776
2530
126
2477
4027
4524
5517
5324
3720
4314
5141
676
2682
3016
361
889
308
459
367
359
2261
2767
3267
465
89
90
91
601
542
2262
544
543
4259
3126
4645
5270
771
110
3462
4837
5472
505
2237
770
882
526
4832
2527
46
111
4260
4962
5271
4646
109
45
371
375
170
3851
2607
983
2107
2574
206
549
964
963
550
334
2354
3718
762
513
2244
107
5710
2454
3633
2895
3754
2455
2453
2475
2894
3877
3346
4530
3992
364
5383
3347
3693
117
4386
5211
3615
5556
2863
659
498
577
2871
3175
3518
4899
5339
4192
3814
2524
2523
2025
102
2707
704
2302
2353
378
713
684
2024
97
5362
3440
4035
3676
3821
5156
2535
5700
4760
4227
4228
3991
3990
2542
3089
2579
3735
4612
2577
5546
5545
4893
5018
4165
661
3307
980
2355
955
947
2974
3662
2094
2093
2095
4630
3349
3782
4662
4174
3495
3691
5812
4256
2560
4094
3069
3524
2141
4340
3574
4230
967
968
3272
2114
2306
2774
2599
2571
2568
3480
3477
969
865
1015
864
3134
2488
2885
3159
3139
3140
4985
5372
4793
4932
4431
5262
5026
5622
4291
4255
5234
5235
5233
4556
5322
2487
2485
67
2536
2486
3840
392
481
68
3038
5770
4792
4898
4984
2615
4608
2027
2123
3481
3074
3298
4485
3454
4168
395
2124
4131
2572
3243
3636
3638
3235
3149
2673
4770
3214
4169
4459
3163
3160
2481
3162
4156
2941
3006
2318
855
3994
4774
470
4525
4205
47
527
2766
3075
823
696
844
4339
824
5406
4825
4226
4419
4130
4613
4416
38
379
5007
5006
2754
2755
2973
3108
5566
4789
4410
2771
5048
4150
428
556
4877
3911
3844
570
461
507
194
460
856
862
4170
3607
2144
3803
2108
2133
3896
4518
4483
477
290
4318
4495
4065
4066
4836
2517
2515
3455
3846
4436
5334
2160
4162
2516
2212
673
2211
3122
5855
5854
291
23
4673
5796
4891
5253
3845
3872
4072
521
121
504
3062
503
777
263
3048
4702
4701
3589
3788
3556
4139
3465
5073
4813
4396
4982
474
4491
4481
4133
2051
133
3467
801
2155
2192
989
2840
2111
2964
447
2156
609
799
138
608
132
841
421
4293
611
409
4756
5122
4679
4852
4342
5055
5010
4983
5631
5641
5347
5717
5713
5531
4088
5223
4444
4628
5013
5012
4710
2541
3363
3351
4090
2543
3061
4619
3545
3080
4934
2752
4234
3546
4847
2569
567
616
3407
3408
2956
3395
3961
3443
3444
3490
816
4087
2581
572
660
617
828
3456
2674
2514
4209
4922
4930
4931
2860
5260
4995
4149
4388
4949
4765
3681
4375
4663
4462
4083
3209
2903
4251
3312
589
258
178
456
328
5137
5138
5193
3453
4683
5575
5550
5052
5255
4797
5081
2537
4992
4294
2545
2810
4237
2402
4964
3955
2712
2837
3763
5814
5663
5815
5664
3721
3722
4311
4312
3136
2601
2711
4076
3515
2660
3853
3868
3898
2659
2665
2325
5722
2986
5767
2985
4850
3549
5126
3886
3885
2976
4601
5296
5836
5079
3320
3628
2573
2576
4860
5016
3194
2582
4555
4519
4696
5099
911
4912
2611
2610
3656
4448
4447
3655
3360
4557
4482
4563
4172
3511
5432
3384
4039
4897
2496
4854
2476
4477
3854
4478
2489
2492
2493
2484
3156
517
3017
4639
4642
3432
4640
4641
5593
5349
3802
4856
3989
5102
488
3207
4334
970
2949
311
462
2629
49
426
4474
3983
4095
5540
3586
3581
3971
5167
5684
2068
731
732
566
487
227
2207
4604
342
380
222
4522
3864
2103
2102
4916
4865
4464
4379
4378
4600
2277
3277
2775
354
174
727
836
265
3778
3015
3838
5358
5359
5360
2063
403
112
201
2623
5220
341
352
3442
3758
3934
4197
5534
261
351
332
3238
697
4098
5350
3870
5118
2029
199
2268
686
196
2765
908
188
257
2184
5027
2248
4974
4194
2503
2800
3631
597
3082
4332
443
2957
596
4329
3083
4773
2312
3326
4977
3228
3229
3220
2134
3759
3987
4873
2502
583
691
928
2125
4682
3472
4111
4428
4126
3150
2520
706
3124
2521
961
962
4112
569
815
3034
568
5554
5385
4749
5045
4635
2991
793
3731
95
103
869
794
758
5724
75
3216
2534
432
3112
2049
3528
872
3185
94
529
2242
3858
4435
362
508
2176
3926
500
892
4677
5515
4221
4840
4616
5014
4402
5113
5194
5555
4955
4589
4509
3436
3438
3439
4302
2883
833
5005
4233
571
468
501
3413
635
5536
3521
3871
3565
802
69
754
4579
4316
850
4569
256
3177
77
272
5331
681
891
4988
5337
209
749
750
904
2241
930
3178
3179
3181
3180
3182
3294
5586
2987
4870
433
641
363
2418
3154
3968
22
2118
3066
655
584
3538
2391
1005
672
3096
578
304
658
295
322
3060
903
551
2428
289
191
389
5677
3809
3767
4880
3382
4366
5305
2293
3620
3733
2902
3488
5837
5428
5295
5839
835
4605
4948
4868
5311
4247
2147
555
532
531
533
3065
3547
3491
2835
3152
2836
3153
3736
3151
4879
5191
4649
4497
5117
3293
2296
3040
2295
2988
3939
4096
4820
4381
2642
524
2641
888
2748
3328
464
479
806
381
348
653
670
2021
182
4678
4827
4826
2563
4581
5078
2263
3405
4787
3397
4099
4531
3766
4693
3157
2980
4223
3300
2914
83
451
84
837
518
530
434
2953
2324
2989
87
478
612
854
85
996
2178
2180
2331
396
3195
4262
5403
4218
4624
5096
3648
3920
4493
3466
3639
3981
4490
5183
5225
4887
5224
3618
4115
5519
2955
2341
4315
3475
2867
3226
3904
2246
4505
3664
813
4387
4523
2319
2886
5188
4834
4973
3954
4200
4824
2137
284
3385
3286
142
454
413
565
876
298
452
591
3198
3448
1010
890
2681
2420
281
453
275
502
1016
3820
3621
3967
4656
4748
3835
3836
4161
4160
4994
4305
3817
2381
656
425
634
564
448
4766
475
63
522
2086
3957
64
355
4307
4691
53
2466
2113
2853
958
702
436
264
204
2578
205
376
438
208
316
5799
5779
5282
4554
4869
4246
4263
4653
4473
4080
5375
5226
4240
4665
2062
3857
537
482
2743
2779
3978
3977
2297
5442
4878
2970
2972
5004
4479
4602
5859
5592
2109
797
791
804
853
4752
5447
5448
4326
1004
2958
620
4566
5524
5526
4568
5525
4567
5107
5185
5108
5186
4758
4684
5101
4336
4151
343
211
3486
3487
25
24
3131
668
458
128
483
873
2768
4147
4807
377
3008
1018
486
580
2332
369
325
651
2570
3244
5083
4120
5727
4338
5120
5243
5077
3064
5244
4686
5390
5391
4241
5258
2608
5494
5192
3192
5563
5822
599
13
345
506
3406
2214
139
516
455
3132
3372
485
141
4795
5267
2751
286
287
285
2557
2417
283
414
3847
3848
3849
4217
4986
4453
4690
519
3171
3290
2962
3013
772
382
357
356
858
3269
3389
3390
3391
3392
3393
5346
2357
2664
4078
5323
2805
4997
5716
4253
4631
4252
5415
5416
5310
4441
909
613
2539
4796
2538
4652
4819
725
959
5392
3969
3653
3306
3882
4963
4657
5569
4881
4427
463
693
3158
4335
4206
4864
5198
3411
4609
3420
404
2190
4029
3689
585
177
4337
494
406
981
175
3861
2678
5714
5353
2139
5450
4408
5174
2451
5715
3657
2855
4884
2456
3946
2506
3570
4270
5708
5774
5775
3562
3576
4775
3935
2834
4198
718
714
2105
2649
4615
5111
3292
1007
4817
5370
3959
5076
3073
2115
2927
4654
358
51
4833
586
4107
814
2764
690
866
3415
431
4496
429
4222
3613
5003
2256
2984
1017
975
446
2117
3164
131
252
594
756
457
127
510
255
4489
5213
5527
5559
5084
5336
5342
5373
4908
3703
3702
4351
3090
4781
5750
4822
4516
5396
5199
3335
5476
5008
4105
4031
4235
4882
2348
397
657
2583
420
439
3923
2313
163
678
546
2362
808
2405
682
98
4370
5731
5553
3429
2945
792
4043
4685
3873
232
293
388
230
639
476
473
329
480
2473
212
440
2440
4434
4425
5644
3765
4510
3906
2378
2445
939
2888
4633
4404
3979
4415
4405
3081
4680
106
444
879
2716
104
101
878
2781
4855
3776
5051
3459
5042
3824
4945
5195
4754
2526
2525
2465
2469
2468
2870
2464
3775
3052
913
2131
2603
5548
4266
5057
2532
4580
2531
2533
4267
5300
5299
3553
3591
605
2992
3201
3202
3097
3652
3098
3043
3100
3535
122
383
2400
581
416
3099
3087
424
2828
4909
4484
5790
2228
3777
4508
4574
5377
5378
5860
4320
4321
4670
4146
3497
3706
3827
4597
3530
4498
4503
2999
2770
4309
3878
2857
2998
2323
2294
411
860
523
825
490
3289
130
2658
3644
2850
627
2143
4178
2519
3881
2522
2613
3215
2081
3529
5404
2333
4417
2334
3852
4327
3627
3793
4092
4038
2230
3575
3779
558
663
708
3899
4070
2336
4757
4385
4737
2480
3002
2161
2171
2337
4371
3425
4317
